2432 3
3727
4030 4
4380
5615 8
6497
8008 13
8040
11723 25
11821
12426 27
13119
15274 34
15372
15969 36
37075
37376 37
37529
37830 38
38052
38367 39
38387
38688 40
38757
39058 41
41018
41319 42
41472
41769 43
41986
42297 44
42317
42614 45
42683
42984 46
45111
45412 47
45565
45866 48
46094
46409 49
46429
46730 50
46799
48945 57
49043
49960 60
52781
53384 62
54071
54995 65
55093
56298 69
56543 62
56716 69
139507
141032 74
141185
141486 75
156613
157528 78
157548
158473 81
158555
161916 92
162836
164368 97
164851
