2432 3
3727
4030 4
4380
5615 8
6497
8008 13
8040
11723 25
11821
12426 27
13119
15274 34
15372
15969 36
37075
37376 37
37529
37830 38
38055
38370 39
38390
38691 40
38760
39061 41
41021
41322 42
41475
41772 43
41989
42300 44
42320
42617 45
42686
42987 46
45114
45415 47
45568
45869 48
46097
46412 49
46432
46733 50
46802
48948 57
49046
49963 60
52784
53387 62
53636
54560 65
54658
55863 69
56108 62
56719 69
139399
140924 74
141077
141378 75
156505
157420 78
157440
158365 81
158447
161808 92
162880
164412 97
164895
