2432 3
3727
4030 4
4380
5615 8
6497
8008 13
8040
11723 25
11821
12426 27
13119
15274 34
15372
15969 36
37075
37376 37
37529
37830 38
38055
38370 39
38390
38691 40
38760
39061 41
41021
41322 42
41475
41772 43
41991
42302 44
42322
42619 45
42688
42989 46
45116
45417 47
45570
45871 48
46100
46415 49
46435
46736 50
46805
48951 57
49049
49966 60
52787
53390 62
53639
54563 65
54661
55866 69
99552 62
100163 69
139143
140668 74
140821
141122 75
156249
157164 78
157184
158109 81
158191
161552 92
162472
164004 97
164487
