2697 3
3992
4295 4
4645
5880 8
6762
8273 13
8305
11988 25
12086
12691 27
13384
15539 34
15637
16234 36
37340
37641 37
37794
38095 38
38320
38635 39
38655
38956 40
39025
39326 41
41286
41587 42
41740
42037 43
42254
42565 44
42585
42882 45
42951
43252 46
45379
45680 47
45833
46134 48
46363
46678 49
46698
46999 50
47068
49214 57
49312
50229 60
53050
53653 62
53902
54826 65
54924
56129 69
97843 62
98454 69
139410
140935 74
141088
141389 75
156516
157431 78
157451
158376 81
158458
161819 92
162891
164423 97
164906
